time : 26.488000 ms
Result : 8388608.000000
