time : 23.959000 ms
Result : 8388608.000000
