time : 20.831000 ms
Result : 8388608.000000
