time : 14.613000 ms
Result : 8388608.000000
