time : 17.142000 ms
Result : 8388608.000000
