time : 40.064000 ms
Result : 8388608.000000
