time : 21.386000 ms
Result : 8388608.000000
