time : 79.090000 ms
Result : 8388608.000000
