time : 67.462000 ms
Result : 8388608.000000
