time : 17.964000 ms
Result : 8388608.000000
