time : 14.351000 ms
Result : 8388608.000000
