time : 22.560000 ms
Result : 8388608.000000
