time : 12.635000 ms
Result : 8388608.000000
