time : 23.730000 ms
Result : 8388608.000000
