time : 34.184000 ms
Result : 8388608.000000
