time : 17.871000 ms
Result : 8388608.000000
