time : 22.635000 ms
Result : 8388608.000000
