time : 12.384000 ms
Result : 8388608.000000
