time : 17.791000 ms
Result : 8388608.000000
