time : 34.248000 ms
Result : 8388608.000000
