time : 14.423000 ms
Result : 8388608.000000
