time : 67.527000 ms
Result : 8388608.000000
