time : 19.887000 ms
Result : 8388608.000000
