time : 17.926000 ms
Result : 8388608.000000
